n <- 15
m <- 10
x <- n * m
x